Fast assembly not available, using original implementation
Top constrained? -> True
186
[build_SG_operators] theta_kappa = [8.00e+01 8.00e+01 1.89e-01 2.10e-03] (shape=(4,))
  → Cache MISS, computing operators...
{'k0': 0.26, 'k1': 0.01, 'm0': 4160500, 'm1': 39750, 'f0': 0.2, 'f1': 0.0, 'rho_vap0': 1366400000, 'rho_vap1': 0}
[8.00e+01 8.00e+01 1.89e-01 2.10e-03]
<stable_eigh_test.SigmoidLayeredKappa object at 0x1214c3eb0>
  [Building block-diagonal preconditioner (block_ilu)...]
    ILU factor nnz: 84522
  [Building block-diagonal preconditioner (block_ilu)...]
    ILU factor nnz: 84111
k=1: u_k(t=0) norm=0.000e+00  u_k(t=1) norm=3.052e-05
k=2: u_k(t=0) norm=0.000e+00  u_k(t=1) norm=9.450e-06
k=3: u_k(t=0) norm=0.000e+00  u_k(t=1) norm=1.926e-05
h_obs_hist (analytical):       [0.         0.20741755 0.20741706 0.20741655 0.20741603 0.20741548
 0.20741491 0.20741431 0.20741369 0.20741304 0.20741237 0.20741171
 0.20741104 0.20741038 0.20740972 0.20740906 0.2074084  0.20740773
 0.20740704 0.20740634 0.20740561 0.20740484 0.20740403 0.20740318
 0.20740226 0.20740126 0.20740017 0.20739896 0.20739759 0.207396
 0.20739409 0.2073917  0.20738874 0.20738532 0.20738114 0.20737573
 0.20736842 0.20735742 0.20733601 0.20727141 0.20707506 0.20683492
 0.2066291  0.20641003 0.20611165 0.20562682 0.20485498 0.20403998
 0.20348976 0.20314026 0.20288385 0.20265862 0.20241778 0.20213543
 0.20179648 0.20133067 0.20065267 0.19987476 0.19923817 0.19875182
 0.19831525 0.19783259 0.19722553 0.19651397 0.19587045 0.19539362
 0.19504559 0.19476953 0.19452553 0.19428484 0.19402079 0.19370172
 0.19329106 0.19276235 0.19215597 0.1915946  0.19114871 0.1907994
 0.1905049  0.19022947 0.18994286 0.18961478 0.18921433 0.18872642
 0.18818879 0.18768737 0.18727728 0.18695473 0.18669359 0.18646928
 0.18626294 0.18605943 0.18584468 0.18560329 0.18531733 0.18496901
 0.18455134 0.18408781 0.18363501 0.1832418  0.18291935 0.18265429
 0.18242815 0.18222486 0.18203137 0.18183637 0.1816288  0.18139666
 0.18112685 0.18080777 0.18043689 0.18003167 0.17962981 0.17926781
 0.17896073 0.17870453 0.17848765 0.17829822 0.17812624 0.17796353
 0.17780304 0.17763821 0.1774622  0.17726745 0.17704559 0.1767884
 0.17649084 0.17615617 0.17580099 0.17545212 0.1751336  0.17485642
 0.17461949 0.17441583 0.17423726 0.17407631 0.17392671 0.17378311
 0.17364081 0.17349529 0.17334196 0.17317581 0.17299133 0.17278283
 0.17254543 0.1722772  0.17198217 0.17167249 0.1713661  0.17107995
 0.17082388 0.1705998  0.17040454 0.17023292 0.17007956 0.16993963
 0.16980898 0.16968405 0.16956168 0.16943894 0.16931294 0.16918069
 0.16903895 0.16888417 0.16871257 0.16852058 0.1683056  0.16806735
 0.16780944 0.16754026 0.16727169 0.16701561 0.16678032 0.16656928
 0.166382   0.16621577 0.16606709 0.16593237 0.16580841 0.16569235
 0.16558174 0.16547438 0.16536827 0.1652615  0.16515219 0.16503836]
sigma2_obs_hist (analytical):  [0.00000000e+00 7.19772875e-30 2.66313853e-29 6.33883312e-29
 1.40702110e-28 8.04882284e-28 1.18846686e-26 2.52967004e-25
 5.90469093e-24 1.21253988e-22 1.40242432e-21 7.42246170e-21
 2.39565892e-20 5.91227761e-20 1.24491352e-19 2.36331749e-19
 4.17980015e-19 7.02240389e-19 1.13386805e-18 1.76992980e-18
 2.68460384e-18 3.97392893e-18 5.76684824e-18 8.23738635e-18
 1.16376430e-17 1.63406193e-17 2.29306705e-17 3.23804233e-17
 4.64457720e-17 6.85993425e-17 1.06711102e-16 1.80880425e-16
 3.34724859e-16 6.31475492e-16 1.26650324e-15 2.88531316e-15
 7.91679325e-15 2.97018143e-14 2.03617123e-13 3.08578284e-12
 1.57593350e-11 1.25614550e-11 1.23363585e-11 2.17931200e-11
 5.90309514e-11 1.93111473e-10 4.02059410e-10 2.55560570e-10
 9.59858829e-11 4.38024430e-11 2.86587636e-11 2.78016277e-11
 3.92079755e-11 5.72877554e-11 9.78568028e-11 2.19902700e-10
 4.22733177e-10 3.82449940e-10 2.19205489e-10 1.52654596e-10
 1.62781252e-10 2.48943239e-10 4.12203621e-10 4.61018112e-10
 2.99487973e-10 1.66791471e-10 1.08604774e-10 8.98592990e-11
 9.35983789e-11 1.18959191e-10 1.79180851e-10 3.06823563e-10
 5.51617897e-10 8.87195567e-10 9.83185299e-10 7.32142099e-10
 4.93310046e-10 3.85240623e-10 3.77388322e-10 4.58480038e-10
 6.63227754e-10 1.08156033e-09 1.81385708e-09 2.65561141e-09
 2.81010508e-09 2.10110342e-09 1.33763079e-09 8.79072541e-10
 6.58541884e-10 5.79766313e-10 5.98134388e-10 7.11671604e-10
 9.57322154e-10 1.42197325e-09 2.24677402e-09 3.53498109e-09
 4.97901641e-09 5.51537850e-09 4.58991625e-09 3.16960328e-09
 2.10421256e-09 1.48847653e-09 1.17948765e-09 1.06482484e-09
 1.09424471e-09 1.26710290e-09 1.62777631e-09 2.26948651e-09
 3.31633472e-09 4.79707731e-09 6.32444928e-09 6.95066382e-09
 6.12641008e-09 4.55272452e-09 3.14134532e-09 2.18672566e-09
 1.61509266e-09 1.29765405e-09 1.14495799e-09 1.11052009e-09
 1.17948965e-09 1.36254076e-09 1.69631821e-09 2.24682975e-09
 3.10228963e-09 4.32337758e-09 5.80406499e-09 7.07257534e-09
 7.40598877e-09 6.56027732e-09 5.10251306e-09 3.71817864e-09
 2.69295365e-09 2.01789388e-09 1.60055439e-09 1.35901269e-09
 1.24042879e-09 1.21693718e-09 1.27976588e-09 1.43618278e-09
 1.70958388e-09 2.14118080e-09 2.78836755e-09 3.70773371e-09
 4.90325368e-09 6.22623418e-09 7.28634722e-09 7.58667222e-09
 6.94990904e-09 5.71786683e-09 4.40097789e-09 3.30674655e-09
 2.50733807e-09 1.96119784e-09 1.60305609e-09 1.37867232e-09
 1.25117438e-09 1.19868570e-09 1.21098376e-09 1.28708206e-09
 1.43472467e-09 1.67080530e-09 2.02236955e-09 2.52622652e-09
 3.22285696e-09 4.13709903e-09 5.23827173e-09 6.38157379e-09
 7.27794231e-09 7.59362235e-09 7.18365310e-09 6.22341744e-09
 5.05931316e-09 3.97394594e-09 3.09565357e-09 2.43915434e-09
 1.97005443e-09 1.64466159e-09 1.42599950e-09 1.28717214e-09
 1.21049670e-09 1.18566694e-09 1.20829105e-09 1.27904035e-09
 1.40347002e-09 1.59230137e-09]
CHECK
Saved depth_pc_coeffs.npz
Hobs:  [0.20782873 0.20782857 0.20782841 0.20782824 0.20782807 0.20782789
 0.2078277  0.2078275  0.2078273  0.20782709 0.20782688 0.20782666
 0.20782645 0.20782624 0.20782603 0.20782582 0.20782562 0.20782541
 0.20782519 0.20782497 0.20782475 0.20782451 0.20782427 0.20782401
 0.20782373 0.20782343 0.20782311 0.20782276 0.20782237 0.20782192
 0.20782139 0.20782075 0.20781998 0.20781913 0.20781813 0.2078169
 0.20781537 0.20781326 0.20780948 0.20779275 0.20753109 0.20737469
 0.20730213 0.20723294 0.2071292  0.20687755 0.20565178 0.20406118
 0.20368529 0.20353062 0.20343273 0.20334959 0.2031634  0.20293653
 0.20277494 0.20254469 0.20169125 0.20003894 0.19950134 0.19926158
 0.19906766 0.19880802 0.19821105 0.19663071 0.19571056 0.19539998
 0.19524034 0.19513056 0.19503818 0.19494629 0.19483705 0.19464658
 0.19433894 0.19372775 0.19232732 0.19151224 0.19119961 0.19102896
 0.19090514 0.19079309 0.19066954 0.19050211 0.19020533 0.18953952
 0.18826704 0.18747165 0.18714339 0.18696918 0.1868536  0.18676348
 0.18668359 0.18660434 0.18651657 0.1864062  0.18623274 0.18594316
 0.18540464 0.18433906 0.18346067 0.18306156 0.18285494 0.18272372
 0.18262626 0.18254437 0.18246794 0.18238933 0.18230025 0.18218771
 0.18202097 0.18174235 0.18123679 0.18031422 0.17945206 0.17900853
 0.17877562 0.17863169 0.17852981 0.17844964 0.1783809  0.1783174
 0.17825457 0.17818813 0.17811285 0.17802041 0.17789139 0.17769366
 0.17738592 0.17684585 0.17598861 0.17525932 0.17485683 0.17463096
 0.17448727 0.17438501 0.17430539 0.17423868 0.17417914 0.17412291
 0.17406691 0.17400816 0.17394316 0.17386691 0.17377045 0.17363396
 0.17343356 0.17312898 0.17262308 0.17187198 0.17119366 0.1707796
 0.1705365  0.17038062 0.17027088 0.17018735 0.17011956 0.17006147
 0.1700093  0.16996039 0.16991266 0.16986426 0.16981325 0.1697573
 0.16969322 0.16961584 0.16951447 0.16937281 0.16917523 0.16888577
 0.16843143 0.16778273 0.16715163 0.16672242 0.16645642 0.16628342
 0.16616224 0.16607143 0.16599939 0.16593941 0.16588735 0.16584049
 0.16579687 0.16575499 0.16571357 0.16567139 0.16562718 0.16557943]
U_obs vs U_hist diff: 5825.378840182277
  [wellbore] snapshot timesteps (peak σ): [111, 128, 147, 169]
             σ at each: ['0.08mm', '0.09mm', '0.09mm', '0.09mm']
  [wellbore] plotting truth (U_obs)...
  [fig8] saved wellbore_truth.png
  [wellbore] running starting-point forward solve...
[build_SG_operators] theta_kappa = [8.00e+01 8.00e+01 1.89e-01 2.10e-03] (shape=(4,))
  → Cache HIT
{'k0': 0.26, 'k1': 0.01, 'm0': 4160500, 'm1': 39750, 'f0': 0.2, 'f1': 0.0, 'rho_vap0': 1366400000, 'rho_vap1': 0}
[8.00e+01 8.00e+01 1.89e-01 2.10e-03]
<stable_eigh_test.SigmoidLayeredKappa object at 0x1214c3eb0>
  [Using cached block preconditioner]
  [Using cached block preconditioner]
  [fig8] saved wellbore_start.png
